https://taltalp.hatenablog.jp/entry/2015/12/30/061304
https://github.com/crankyoldgit/IRremoteESP8266

Official releases via the Arduino IDE v1.8+ (Windows & Linux)
Click the "Sketch" -> "Include Library" -> "Manage Libraries..." Menu items.
Enter IRremoteESP8266 into the "Filter your search..." top right search box.
Click on the IRremoteESP8266 result of the search.
Select the version you wish to install and click "Install".

https://taltalp.hatenablog.jp/entry/2016/01/16/182348
3.解析してみる
Arduinoの開発環境を開いて「ファイル > スケッチブックの例 > IRremoteESP8266 > IRrecvDump」を開きます.






Timestamp : 000482.139
Library   : v2.8.5

Protocol  : SHARP
Code      : 0x4202 (15 Bits)
uint16_t rawData[63] = {302, 1810,  270, 790,  298, 762,  300, 760,  300, 760,  304, 1800,  296, 764,  298, 762,  298, 760,  296, 762,  302, 758,  294, 764,  296, 764,  302, 1800,  302, 758,  296, 48028,  302, 1812,  302, 760,  302, 758,  298, 762,  300, 758,  302, 758,  302, 1802,  296, 1806,  296, 1808,  298, 1806,  294, 1810,  298, 1806,  300, 1804,  296, 762,  298, 1806,  294};  // SHARP 4202
uint32_t address = 0x1;
uint32_t command = 0x1;
uint64_t data = 0x4202;


Timestamp : 000483.714
Library   : v2.8.5

Protocol  : SHARP
Code      : 0x4102 (15 Bits)
uint16_t rawData[63] = {302, 1808,  304, 756,  304, 754,  304, 754,  304, 756,  300, 758,  298, 1806,  304, 754,  306, 754,  306, 754,  296, 762,  304, 756,  300, 758,  304, 1798,  300, 758,  300, 48024,  296, 1818,  300, 760,  300, 760,  298, 760,  298, 762,  302, 1802,  300, 760,  298, 1806,  304, 1800,  302, 1800,  298, 1806,  304, 1798,  298, 1804,  304, 754,  298, 1806,  300};  // SHARP 4102
uint32_t address = 0x1;
uint32_t command = 0x2;
uint64_t data = 0x4102;


Timestamp : 000487.427
Library   : v2.8.5

Protocol  : MITSUBISHI_HEAVY_152
Code      : 0xAD513CE51A09F60AF520DF20DF21DE00FF847B (152 Bits)
Mesg Desc.: Power: On, Mode: 1 (Cool), Temp: 27C, Fan: 0 (Auto), Swing(V): 1 (Highest), Swing(H): 1 (Max Left), Silent: Off, Turbo: Off, Econo: Off, Night: Off, Filter: Off, 3D: Off, Clean: Off
uint16_t rawData[307] = {3204, 1560,  438, 384,  410, 1186,  410, 388,  410, 388,  408, 1186,  414, 384,  408, 1188,  408, 390,  412, 384,  406, 1190,  406, 1190,  408, 1186,  410, 388,  406, 1190,  406, 392,  414, 1182,  412, 1184,  408, 1190,  408, 390,  410, 386,  408, 390,  406, 392,  406, 1190,  410, 1206,  386, 392,  406, 1192,  402, 396,  410, 1186,  402, 1194,  404, 394,  404, 394,  402, 396,  402, 1194,  404, 392,  410, 1186,  404, 394,  402, 396,  402, 1194,  408, 1188,  410, 1186,  402, 394,  404, 1194,  410, 1186,  410, 388,  404, 1192,  410, 1186,  408, 1188,  408, 1186,  410, 1186,  404, 394,  406, 392,  402, 1194,  402, 396,  410, 388,  406, 392,  406, 392,  410, 1188,  410, 388,  410, 1186,  404, 392,  412, 1186,  408, 1186,  408, 1190,  412, 1184,  412, 386,  408, 1188,  402, 396,  410, 1186,  408, 390,  404, 394,  410, 386,  404, 392,  404, 1192,  410, 1188,  408, 1188,  412, 1184,  406, 1190,  406, 392,  406, 1190,  412, 1184,  406, 392,  404, 394,  408, 388,  406, 392,  404, 394,  402, 1194,  404, 394,  408, 390,  406, 1190,  402, 1194,  404, 1192,  404, 1190,  410, 1186,  404, 394,  402, 1194,  404, 1192,  402, 396,  404, 394,  406, 390,  400, 398,  410, 388,  404, 1190,  406, 392,  410, 386,  402, 394,  410, 1188,  404, 1192,  410, 1186,  404, 1192,  404, 394,  404, 1192,  402, 1194,  410, 1186,  408, 388,  408, 390,  404, 394,  410, 388,  412, 1184,  410, 388,  410, 388,  400, 1194,  410, 1186,  402, 1194,  408, 1188,  406, 1190,  404, 1194,  404, 1190,  410, 1186,  408, 388,  410, 388,  404, 392,  408, 390,  410, 388,  404, 394,  400, 398,  410, 388,  408, 1188,  408, 1188,  402, 394,  408, 1190,  408, 1186,  406, 1190,  410, 1188,  402, 394,  406, 390,  410, 388,  408, 1188,  400, 396,  404, 392,  404, 394,  410, 388,  400, 1196,  408};  // MITSUBISHI_HEAVY_152
uint8_t state[19] = {0xAD, 0x51, 0x3C, 0xE5, 0x1A, 0x09, 0xF6, 0x0A, 0xF5, 0x20, 0xDF, 0x20, 0xDF, 0x21, 0xDE, 0x00, 0xFF, 0x84, 0x7B};


Timestamp : 000489.974
Library   : v2.8.5

Protocol  : MITSUBISHI_HEAVY_152
Code      : 0xAD513CE51A09F609F620DF20DF21DE00FF847B (152 Bits)
Mesg Desc.: Power: On, Mode: 1 (Cool), Temp: 26C, Fan: 0 (Auto), Swing(V): 1 (Highest), Swing(H): 1 (Max Left), Silent: Off, Turbo: Off, Econo: Off, Night: Off, Filter: Off, 3D: Off, Clean: Off
uint16_t rawData[307] = {3212, 1552,  432, 390,  412, 1184,  414, 384,  410, 388,  406, 1190,  408, 390,  412, 1184,  412, 406,  390, 388,  412, 1184,  404, 1192,  410, 1186,  406, 392,  408, 1188,  408, 390,  408, 1186,  408, 1190,  410, 1186,  404, 394,  406, 410,  392, 388,  410, 388,  412, 1182,  412, 1184,  408, 392,  404, 1192,  404, 394,  404, 1190,  412, 1184,  406, 392,  410, 386,  408, 392,  404, 1190,  414, 384,  410, 1186,  406, 392,  412, 384,  412, 1186,  412, 1184,  412, 1186,  404, 394,  408, 1188,  410, 1186,  412, 384,  406, 1190,  404, 1192,  410, 1188,  408, 1188,  406, 1192,  410, 386,  410, 388,  404, 1192,  410, 388,  408, 390,  404, 394,  404, 394,  414, 384,  408, 1188,  412, 1184,  408, 390,  412, 1182,  406, 1190,  408, 1188,  414, 1182,  412, 1184,  414, 382,  414, 384,  404, 1192,  406, 390,  412, 404,  394, 384,  412, 386,  408, 1188,  404, 1192,  414, 1184,  410, 1186,  402, 1192,  406, 392,  406, 1190,  406, 1190,  412, 388,  408, 390,  406, 390,  406, 392,  406, 392,  404, 1192,  404, 396,  408, 388,  412, 1186,  408, 1206,  390, 1188,  408, 1188,  412, 1184,  402, 396,  406, 1188,  414, 1182,  404, 394,  412, 386,  412, 386,  410, 388,  406, 410,  388, 1188,  404, 394,  412, 386,  402, 396,  404, 1192,  402, 1192,  406, 1192,  404, 1190,  412, 386,  412, 1184,  410, 1186,  412, 1184,  412, 386,  410, 388,  404, 394,  408, 390,  406, 1188,  410, 388,  406, 392,  410, 1184,  408, 1188,  410, 1186,  404, 1192,  402, 1194,  402, 1194,  408, 1188,  406, 1190,  404, 394,  408, 388,  404, 394,  412, 386,  410, 390,  406, 392,  402, 396,  410, 386,  404, 1192,  412, 1186,  406, 392,  404, 1192,  408, 1186,  412, 1186,  406, 1190,  408, 390,  410, 390,  406, 390,  404, 1192,  404, 394,  400, 396,  404, 394,  406, 392,  412, 1184,  406};  // MITSUBISHI_HEAVY_152
uint8_t state[19] = {0xAD, 0x51, 0x3C, 0xE5, 0x1A, 0x09, 0xF6, 0x09, 0xF6, 0x20, 0xDF, 0x20, 0xDF, 0x21, 0xDE, 0x00, 0xFF, 0x84, 0x7B};


Timestamp : 000560.222
Library   : v2.8.5

Protocol  : PANASONIC
Code      : 0x344A90EC7C (40 Bits)
uint16_t rawData[83] = {3542, 1728,  464, 402,  466, 398,  460, 1290,  466, 1260,  482, 406,  462, 1286,  458, 386,  484, 406,  462, 402,  466, 1284,  462, 380,  484, 382,  488, 1282,  466, 378,  488, 1280,  462, 404,  466, 1282,  460, 406,  466, 400,  464, 1280,  468, 376,  482, 406,  466, 376,  490, 376,  484, 1286,  464, 1284,  460, 1288,  466, 400,  466, 1282,  464, 1282,  466, 378,  480, 408,  460, 406,  466, 1260,  486, 1262,  488, 1260,  484, 1288,  462, 1286,  460, 384,  488, 376,  488};  // PANASONIC 344A90EC7C
uint32_t address = 0x34;
uint32_t command = 0x4A90EC7C;
uint64_t data = 0x344A90EC7C;


Timestamp : 000560.353
Library   : v2.8.5

Protocol  : PANASONIC
Code      : 0x344A90EC7C (40 Bits)
uint16_t rawData[83] = {3544, 1728,  462, 402,  460, 406,  460, 1266,  488, 1284,  458, 406,  466, 1282,  464, 380,  490, 398,  466, 400,  462, 1284,  462, 406,  462, 404,  466, 1282,  462, 402,  468, 1280,  462, 404,  458, 1290,  466, 400,  468, 398,  460, 1266,  480, 408,  468, 374,  488, 402,  458, 408,  462, 1284,  462, 1286,  458, 1290,  462, 404,  462, 1288,  462, 1284,  460, 384,  486, 380,  484, 404,  462, 1284,  468, 1258,  488, 1282,  462, 1286,  462, 1286,  460, 382,  480, 386,  486};  // PANASONIC 344A90EC7C
uint32_t address = 0x34;
uint32_t command = 0x4A90EC7C;
uint64_t data = 0x344A90EC7C;


Timestamp : 000561.985
Library   : v2.8.5

Protocol  : PANASONIC
Code      : 0x344A90AC3C (40 Bits)
uint16_t rawData[83] = {3548, 1720,  466, 400,  462, 404,  464, 1282,  460, 1266,  488, 402,  464, 1260,  488, 400,  456, 386,  486, 400,  460, 1266,  484, 404,  456, 410,  464, 1284,  464, 402,  456, 1294,  462, 404,  464, 1282,  458, 408,  460, 406,  458, 1288,  466, 400,  466, 400,  458, 408,  456, 408,  456, 1292,  458, 408,  460, 1288,  460, 406,  462, 1264,  486, 1282,  460, 404,  462, 382,  482, 406,  464, 400,  458, 1292,  466, 1260,  486, 1284,  464, 1284,  456, 386,  484, 404,  458};  // PANASONIC 344A90AC3C
uint32_t address = 0x34;
uint32_t command = 0x4A90AC3C;
uint64_t data = 0x344A90AC3C;


Timestamp : 000562.114
Library   : v2.8.5

Protocol  : PANASONIC
Code      : 0x344A90AC3C (40 Bits)
uint16_t rawData[83] = {3526, 1698,  480, 408,  468, 400,  458, 1290,  466, 1280,  468, 400,  464, 1284,  466, 376,  488, 400,  464, 402,  466, 1260,  488, 382,  480, 404,  462, 1284,  460, 406,  456, 1290,  468, 376,  490, 1280,  464, 402,  460, 406,  462, 1264,  484, 380,  486, 404,  464, 400,  458, 408,  462, 1262,  488, 400,  464, 1282,  466, 376,  484, 1288,  462, 1284,  462, 404,  468, 398,  460, 406,  466, 400,  462, 1286,  460, 1288,  462, 1286,  466, 1282,  464, 378,  484, 382,  488};  // PANASONIC 344A90AC3C
uint32_t address = 0x34;
uint32_t command = 0x4A90AC3C;
uint64_t data = 0x344A90AC3C;


